1756.55
1758.8
599.2
243.45
511.2
256.95
470.45
348.25
212.5
273.85
222.75
327.3
363.1
238.25
292.45
198.75
310.65
190.85
238.25
411.45
331.35
305.6
178.9
200.8
310.15
348.05
373.45
403.95
402.85
238.45
301.0
224.1
290.2
247.0
333.35
253.55
203.25
368.0
233.55
243.0
233.35
281.5
276.35
264.95
233.75
249.5
395.85
307.6
354.55
291.35
223.0
242.75
261.05
292.0
184.0
223.6
249.8
282.3
217.45
260.5
342.85
324.85
212.85
265.75
357.3
247.25
245.2
203.55
244.4
291.95
232.05
279.3
302.1
330.2
259.2
271.1
320.35
315.4
293.3
279.7
316.2
268.25
331.75
234.35
363.85
365.65
420.9
233.35
310.25
266.45
246.4
258.05
339.0
254.9
270.6
261.8
278.15
309.55
257.45
263.95
199.45
257.05
295.85
310.35
418.55
487.0
382.9
432.0
356.05
274.5
258.65
410.55
265.15
196.15
227.95
206.9
471.5
372.35
368.3
267.55
338.9
380.8
434.4
170.35
272.45
320.45
245.9
373.85
313.6
192.5
213.7
209.65
415.9
214.5
296.45
201.9
299.65
320.5
230.0
251.15
300.55
284.35
376.1
238.65
284.9
224.55
224.05
227.8
242.5
449.35
322.8
232.25
224.25
217.45
295.55
303.2
261.05
195.1
259.55
321.35
316.7
266.15
200.75
278.4
212.45
194.1
296.45
388.9
298.8
279.1
293.45
419.7
233.85
321.9
334.8
259.0
252.3
334.15
256.85
319.8
401.35
348.75
551.55
414.1
211.8
221.1
231.2
296.1
232.7
293.2
308.2
411.2
253.65
278.15
221.25
223.4
248.75
280.65
294.3
217.75
301.0
360.9
162.65
194.05
373.1
392.75
325.25
202.3
231.25
259.85
232.35
290.4
266.45
248.35
296.2
224.15
280.6
346.5
167.5
331.85
278.75
261.25
333.45
362.1
321.05
453.45
251.75
242.7
295.7
194.45
410.5
231.65
453.1
277.15
312.35
255.9
226.8
282.0
201.5
231.25
242.95
271.3
230.4
212.45
227.8
286.45
284.85
284.75
328.6
306.35
362.25
327.65
298.3
358.85
371.65
229.85
247.7
237.4
324.6
284.95
255.5
219.5
281.1
232.5
225.65
333.4
166.9
316.2
275.7
291.55
353.85
297.85
239.2
319.2
205.2
245.8
232.55
265.25
322.25
177.0
195.75
219.65
236.45
213.25
271.55
251.35
295.9
278.3
288.1
220.75
243.55
252.7
199.95
230.8
339.0
253.85
192.8
202.1
309.95
211.0
