1790.95
1855.3
272.0
244.6
215.15
160.55
228.1
224.75
266.65
317.9
299.6
329.75
292.75
339.35
209.55
404.75
247.0
324.65
256.55
225.4
319.55
269.85
262.0
320.8
772.35
487.2
369.35
316.7
270.2
280.05
348.35
220.6
371.3
313.6
274.75
220.95
223.5
233.65
246.85
241.05
344.2
442.5
309.4
278.05
241.15
211.5
336.15
347.4
410.2
322.45
261.3
231.7
270.6
255.6
218.65
237.8
324.35
388.7
391.4
213.3
270.05
232.55
268.35
315.8
267.85
434.5
373.55
261.25
327.4
444.7
346.15
258.3
236.15
278.7
245.4
280.85
255.05
247.1
216.4
479.55
254.2
279.55
259.55
230.95
211.6
377.6
300.35
363.1
306.35
203.6
191.25
213.3
283.45
263.95
264.0
234.4
446.6
213.65
252.5
386.9
293.55
222.8
323.2
190.55
291.8
319.55
301.25
299.85
227.9
274.7
306.05
252.75
300.55
403.6
234.6
310.25
296.15
392.15
313.3
186.75
283.7
333.45
320.3
277.55
307.3
176.1
279.2
286.2
274.55
268.6
236.15
297.55
389.7
348.45
287.65
427.2
303.0
295.2
217.45
286.45
245.0
315.05
261.9
265.55
687.3
570.3
628.1
433.75
591.55
350.45
170.65
298.35
267.45
247.2
291.05
265.7
291.95
305.05
324.0
292.45
255.6
211.25
347.3
259.4
305.75
269.9
328.8
256.5
283.0
242.35
308.4
301.7
294.15
320.1
196.6
228.45
271.85
290.4
380.15
281.85
294.4
223.4
283.5
294.25
215.65
304.9
346.35
179.95
199.4
283.1
239.85
212.5
250.0
230.45
289.55
425.0
250.55
314.8
248.75
245.85
262.95
272.5
237.6
234.75
234.1
251.35
293.1
227.6
189.9
321.35
245.2
226.6
247.7
190.55
202.35
256.45
216.6
276.55
253.55
322.4
294.3
414.6
566.85
431.45
234.6
400.3
242.3
396.55
583.3
249.2
387.1
190.0
257.65
250.7
307.3
199.45
272.4
267.6
240.75
350.25
279.75
394.1
275.9
294.05
317.05
372.1
439.9
366.75
246.8
211.4
305.85
346.65
273.95
248.05
309.25
249.85
318.7
331.7
349.7
213.4
238.35
372.2
314.9
274.05
250.4
260.7
259.15
344.5
294.3
251.95
253.55
298.15
217.2
258.35
207.6
298.85
270.95
328.3
291.15
320.1
299.0
295.15
296.9
357.3
212.1
254.3
342.15
183.45
243.3
311.35
208.0
382.2
355.95
424.9
473.1
219.3
254.5
249.35
259.8
184.15
