1720.6
1540.65
1437.8
1598.95
950.35
1057.0
1594.1
1796.6
1672.05
1643.75
1622.05
1526.1
799.5
1842.4
1010.55
1066.85
1556.25
1573.65
1067.35
1121.05
1098.2
833.0
772.75
740.95
1040.0
1128.65
858.6
951.2
515.65
536.4
686.75
546.05
636.05
855.35
688.9
745.5
736.05
825.9
1111.4
636.3
374.9
426.15
516.7
458.3
595.5
432.65
393.45
643.15
511.8
471.1
453.25
897.9
1005.2
339.95
438.8
420.1
398.9
439.05
502.4
524.6
396.45
488.55
298.45
411.5
461.9
321.65
496.3
459.25
424.85
432.85
456.45
472.0
450.75
355.85
613.2
611.3
380.1
467.45
459.0
494.95
537.25
518.7
330.4
417.25
372.95
523.5
329.75
560.75
515.1
479.1
428.25
452.95
451.55
340.15
241.2
330.5
334.7
241.05
332.0
277.9
269.85
271.05
202.95
295.5
214.35
264.8
295.6
184.95
269.95
252.45
237.35
278.1
174.75
229.4
269.35
256.1
210.4
193.25
311.85
224.25
227.25
277.55
263.1
281.75
191.95
256.35
197.8
170.3
184.6
239.9
245.25
272.6
240.45
206.3
261.2
206.4
291.7
253.65
260.35
261.55
240.15
255.3
245.8
241.15
265.15
172.85
243.5
181.65
216.6
233.85
259.45
301.0
213.95
252.05
274.15
291.15
250.0
273.0
266.8
248.45
188.25
230.0
295.65
269.35
273.4
168.8
242.85
247.25
238.95
304.15
277.4
263.85
245.9
236.15
243.35
260.15
224.1
266.25
222.7
168.55
251.35
232.7
306.35
260.25
342.45
294.8
267.3
267.8
278.6
280.8
268.5
305.15
356.7
249.95
249.8
278.15
278.05
283.45
299.6
258.6
196.1
258.15
307.0
231.55
289.4
239.8
188.7
352.05
293.35
283.3
242.85
209.85
164.7
401.3
235.4
176.85
226.4
212.1
298.55
174.3
254.85
276.75
273.05
287.75
182.55
215.75
271.9
326.25
264.25
220.45
251.55
206.4
360.7
262.55
237.95
236.45
271.8
228.25
300.3
252.65
218.0
240.2
330.2
229.75
257.4
277.4
311.35
274.8
246.75
284.75
285.6
251.95
197.9
191.65
279.6
178.5
220.9
233.65
209.75
296.8
220.4
310.65
300.25
251.1
252.65
268.6
249.65
230.65
276.75
274.0
249.0
304.75
326.3
273.0
334.5
163.3
321.65
247.1
317.45
149.15
247.3
249.45
272.35
173.45
239.05
201.2
287.65
363.45
262.85
279.15
184.75
228.05
286.55
294.15
173.75
242.05
302.6
300.65
276.0
272.0
195.55
261.35
315.3
231.6
298.1
241.5
227.25
240.6
266.2
203.8
259.45
206.45
286.95
186.05
182.35
