4.041652473465309e-09
1.3610132886610358e-25
0.00016047187770311784
0.00028933357437708573
0.0003192647464588576
0.0011906944445960923
0.0006498881003024163
0.000745442277095983
7.941977806269105e-05
0.0001556415056752825
0.0009059235091020236
0.0010259717266597056
0.0006068710953449523
2.0523127396442564e-05
0.0023444264898189243
0.0001522308250968429
0.0028732778766603186
0.0014223026008224151
0.003449684304579574
5.005888688067899e-05
0.000175320978788469
0.003960244533690602
0.00030127172671722273
5.596774326460318e-05
2.0734257477820683e-06
0.00012326727878126043
0.00014920286579481358
0.0016517423676267178
0.003934947559248257
9.088522095740306e-05
0.000770373209445192
2.939450636212862e-05
0.0003064301849188756
0.0007815167668248675
7.675848910885513e-05
0.004544821794785364
0.00043516847806516275
0.0019218003542214128
0.0006509792888724056
0.00014439423928154434
0.002973885631812591
2.390170772366535e-05
0.0007722813686720949
0.0011633766885087537
0.0031615878242991545
0.0009123434388146826
0.0003606503106596133
0.0003017260989545355
1.834578622966802e-05
0.0001924730852312211
0.0010316087530571724
0.0020514266318927177
0.0025211176892148785
0.0038539243482437697
0.0006472258349358472
7.762360577918468e-05
0.00059522009370844
0.0010380821133597336
3.6400981608936825e-05
0.0002845334231683445
0.0006368137801985453
1.6177450979343734e-05
0.0009463557841499348
0.0035979488579176897
0.00019351057864630403
1.7953793429555556e-05
0.0002465372714020516
0.0003121939245894599
0.001054663304755272
0.0005473705103087155
0.0012113325665391308
0.005325668826860187
0.0002141794413349365
0.0002508314215999086
0.0005777194948469515
7.441276858312807e-05
0.0024085367066957906
0.0003676489875935886
7.673884065766441e-05
7.499777879637511e-06
0.00284101259914741
0.000853894192154812
0.000508561678025707
6.773208142523999e-05
0.0013265768146910144
0.0007777145584490347
0.0019780246519069972
1.0983197463531333e-07
1.3416687621084297e-05
0.0011337466787415258
0.0009357989201594985
0.0006018948340842421
0.0007247246577784613
0.00035387469020402843
1.1513261661195498e-05
0.00023547397824174053
9.543525156187753e-05
0.0002548155353195677
0.0008285093250967607
0.0032279615600601845
0.00040802654512707366
0.0005181508382794233
0.0020565690989632814
0.00021932301935786042
0.0002668086528533658
0.0009587279497503728
0.0034018959345780446
0.00044672911989533155
0.0015553964613118046
0.0007763282927290586
0.00035923114393117904
0.0010685079518138313
3.1830971750702365e-05
0.0006753261356714629
0.0002819957454369362
0.00021194825306093245
0.00047332612529204273
4.731605210391754e-05
0.0002131094345486776
0.0007030955950921449
0.00080000288120989
0.00012159776697083418
8.559238896226374e-05
1.5533003217196714e-05
0.002861994611325459
0.0014511137494162272
0.0002235411833842987
0.0004887508491881185
0.0006376249283568264
5.898526641760856e-05
0.0038530493263098037
0.0007317468962266687
0.0018086653038539603
0.0011043532666381234
1.885266822863451e-05
3.772163898764735e-05
0.0005022324882335337
8.433323332379371e-05
0.0017171115592486887
0.0010255695478428757
0.00016124995254424864
0.0007554831357429403
0.0006688492247207315
0.0017578056566985374
8.116307120207852e-05
1.272238663685734e-07
0.0007713433113951446
4.87397602994324e-05
0.00017037845414197763
2.5722467990534916e-06
0.004715616813397774
2.4271844158541577e-05
0.0002955646404241805
0.0014040433672381945
0.000669922097452302
0.00018290533579523854
0.00026358053916649175
0.0005669866478641436
0.00019397488156284567
3.5406709919813466e-05
0.001229120323628732
0.005785802775575915
4.4814157352359056e-05
0.0023992205811140675
0.00015699556975971144
8.89911988007053e-05
0.0009612194379469618
0.004282963360675863
0.0015480625729750108
0.0005459204880718033
0.0016602697590626374
0.0008208794324627882
0.0002432817589363243
0.00020145135770479827
0.001040685753863622
0.0007003104259611502
0.0003762372787994376
4.407496191828124e-05
0.0009482392161292869
0.00034909348356674966
0.00099180521314951
0.00014543376970369102
0.0027495486937014484
0.0022287597589868047
0.0014572635973811043
0.00027138606460276
0.0005679687888954018
0.001466022229262259
0.0009497158729241844
0.0023341130362859288
0.0010290775412139315
0.000431921981271171
0.0006966340839029983
0.0003891008900740888
8.765315041289915e-05
0.005386823120360495
0.00029947197998508407
6.170747368407368e-05
0.0009226327824148068
0.0009371975226009945
0.0007011369597578881
0.0005187110617500184
0.0015319363230190638
0.001163792025158249
0.001106492975243647
0.0009593413642680646
0.003164811094249771
0.00042814916764980236
0.002553195226957857
0.00022391992440718233
0.0006337794007226108
0.0011613091010102667
0.0002711851259456145
0.002247056182920024
0.0006012715364438482
9.733798906161246e-05
0.00023904655528891568
0.00026625637285497946
0.001067651808217798
0.001146844263664479
0.0009424789561541547
1.5439195092524427e-05
0.00032107110708744094
1.1447845929227427e-05
0.00028161076914334576
0.0008949380185444257
0.0012096602132864432
0.001419237900587149
6.600547297575199e-05
0.0006154915074837949
0.0023040159301096243
0.00029165294315711414
0.002184661918170996
0.003557837791402986
0.0007694040058730352
0.0002193162721357549
0.0018718016531762472
0.0011602862846997982
0.0005403888681663558
0.0002139055788511441
2.9417305530380753e-05
0.0020300036604646203
0.0007444864169958462
0.0016979348002533986
0.0004481068697006224
9.09283325562611e-06
0.00019609095698885437
0.0030271113551787006
0.0011817544645576436
0.00224181621745228
0.0017934060824220863
0.0008740195507227566
9.7678132094936e-06
0.0018491288070648058
0.0005735053596466674
1.688560877508458e-05
0.00012510964979672268
0.0007392077620540475
0.0005596749974113469
0.001461357793717063
0.0021232786693902135
0.0004970242094515889
0.0002649590759421222
0.0024781016745856906
0.0012990219279798928
0.0005793028487370282
0.0027833678193307588
0.00024958899963197433
0.0005064545606582165
9.814520010824927e-05
0.00012957951818577787
0.0002595625911549517
0.003538072283202335
0.00047768608109132176
0.0061223238932449475
0.001672112184812206
0.0007986769883102649
0.0003230671562597997
0.00038311332101871685
9.687806319756298e-06
0.0007041732881972194
1.0877597751411505e-05
0.0021240604683521627
0.00010583502470027323
0.0011976381773017857
0.000617147590228368
0.0015604216372839762
0.001675794913217285
0.0028124374703602903
0.0014218176210910915
0.0001286093947992002
0.0015469130207347583
3.836409142898036e-05
1.726907142249134e-05
9.402036451369741e-05
7.070269348710288e-05
0.0005402676192796597
0.0006607383100261808
0.00015025231548896107
0.0017986095220000435
