2.9463646533220194e-09
1.0236550661223238e-16
8.08664981059234e-05
0.0008097593511338123
0.00040917945195303
0.00021058012048371348
3.10889555938901e-05
0.0009065365638531783
0.0024059030610869554
0.002243019600840951
0.0037422633910092116
8.383389467218597e-05
4.639454661141543e-05
0.003173034179283856
0.0009510794400911935
0.0017171018433961732
0.000752789023031956
0.00395717349301383
0.003595773361902071
0.001147298767758691
0.0005219241589392409
0.0002152815657507934
0.002008577944252005
0.000680303740976429
0.001215440709241776
0.00274515902729472
0.00028881071159145316
0.0028044639309410834
0.0008346785854396854
0.001011270593080316
7.51010778155623e-05
0.0002116278784420942
0.0030501061840677067
0.00012226985382212557
0.0008418152069011346
0.004053072832142208
0.004647037019728557
0.000539265080856176
0.0008020723264620808
0.0010879571003638896
0.0004550112146039063
0.0003464279925207601
0.0009138058566644988
0.0012534341420135727
0.0001849658188390947
0.0014501625118972874
0.00039097808012243304
0.003913320660307523
0.00017940075915386805
0.0008528188462762499
0.00017142530772943601
0.0012407911749142352
0.0022209003421637106
4.054941282231486e-05
0.0019267526509666676
0.0017051641076274424
0.00011033893419681723
0.000684507282511858
0.0015783240773468213
0.000602555450139205
3.646972317922674e-06
0.0050335193181017535
0.0038521283869415467
2.9624875217810683e-05
2.442316051024199e-06
0.0018797792402548378
0.00011254633088559128
0.0014683735948614405
0.0003988030730264395
0.0016114365113449858
0.0006205203342408508
3.7195293773207446e-05
0.00010825732038900816
0.0012017717935958977
0.005179649573399334
0.0002760141909881963
0.00038381309155129193
0.00032801896790336023
0.00019139903482302107
0.002796657213893679
0.00019159672455173912
0.003371558409033792
0.000315993936658754
0.007474249470448965
0.000379030178616955
4.802279652926709e-05
0.00026306564943451267
0.0027833119089141867
0.0017248529386682764
0.00032683802231818666
4.748130544803152e-05
1.806504364149637e-06
0.001596378641013974
0.0012920983119192493
0.001459591627129453
0.00043327019545508997
1.5521341954696864e-05
0.00013208203023605736
6.477687048482735e-05
1.590680901306688e-05
0.007943551715326822
5.280505068962539e-05
1.093873930371969e-05
0.0005678668455792465
0.0008592134549852892
0.00019515031124314085
4.640287902310741e-05
0.0032436798794555173
4.4322518838277605e-05
0.000789904936221492
0.001445788557556396
0.0002372508278916895
0.0003002842657237487
0.0005459772804095841
0.0024038124039523013
0.0030912188840622147
0.0016512873880876547
0.0019891612334107626
0.0007309646430334361
0.0008796322995929761
0.0025844424830803246
0.00024274710689733574
0.0001341895248776552
0.0022378795744597414
0.00029255631006814875
0.00011494724826599505
0.0008375800047920884
0.002953572430791713
0.00010495328436659112
0.0034282384506463632
0.0006749194436054979
0.0006693106395230005
0.0027468961856341534
0.0036077805542244815
0.000420302950011544
0.0022345031467416914
0.00020209494005125157
0.0013501360730279533
0.0031595920738656373
0.002968157338984719
0.00026527892012967794
0.0038940101641396887
0.00013902148604955
0.002359313695871213
0.0006960765268938198
0.008367397147534855
0.001747250071765908
0.0012596128489521618
0.0016323495799251974
0.0004153800312074285
0.0007658509592498701
0.0006475218925869905
0.0004920647306381337
0.00019714596312642258
3.153200568047964e-05
0.004296164759479244
3.417505801746663e-05
0.0033139321501005417
0.00040514070274515304
0.0027423044106897393
0.0009080342837328034
0.0003289404188183925
0.0024008330133956863
0.005393169205405985
0.00025228600628044763
0.0017906352520576235
0.0020009060199531635
0.0005389875700681586
0.0006884886531917949
9.139551405843682e-05
0.000514562856179681
0.0005204897581666256
0.002547399154145652
0.0022151707708643414
0.00014671183365881648
0.000752880617955693
3.8888416356647114e-05
0.00046078448681764435
0.0014004121232291137
0.0011735697887918267
0.00019419348239083285
0.0013373684247385566
3.2556850699400507e-06
0.004537968161505782
0.00431960915424657
0.0011501281883810636
0.0006685477332831521
0.0014670020052146634
0.0018376839330501642
0.00024213880027257768
0.0018829826753814615
0.0010206489701451572
0.0036030649868650814
0.0009899877080587478
0.0014351789003867093
0.0030519248945428375
0.0008640117339903453
0.005323566369997319
0.000247450215353001
9.548406835343344e-05
0.0025541369657123138
0.00035765003929112097
0.0025341412896805913
0.007802395537026448
0.0016350919528921436
0.0006280311532806285
0.0021269639704464857
0.0004898640973560889
0.0021027095304551892
0.0037656736597555113
0.00188807394790017
0.000211566083417074
0.0017425553312327257
0.004062932274909276
0.0019681567401469754
0.0033080345422630726
0.0003397508792702478
0.0019391305214961796
0.00033503858362238795
0.0011489155141916397
0.0005146631840115981
0.0015381221525766953
0.008447130370458522
0.00021532989179872368
0.000124827308906515
0.0009176613061650464
0.004036718117769447
0.0001500110013380892
0.005602653176542278
0.0030113831573983724
0.0016069713106259826
0.00041899842515135636
0.00015395214553596856
0.005423133970366501
4.907829008655362e-05
0.0011100651374853787
0.0003467477224470406
0.002531389551926065
0.0020671814207803303
0.004063341598007936
0.0004077864714452704
0.0010499286148753545
0.005005374945750214
0.0014070774404670182
0.0058182273334285856
0.0008379476041796861
0.004002852988074424
0.002313485578555561
0.0014923061787051836
0.0006202238168001902
6.500794302279437e-05
0.00023313076281531188
0.0005827320669524162
5.29476709374671e-05
0.00037338558639013437
0.0004803498915278868
0.0003415678208439685
9.879103726354008e-05
1.4372723581489186e-05
0.003167377045837296
0.00011842282526849724
0.0012762430021680804
0.00017500109139326504
0.004534540090503956
0.0013080448858979088
9.041276959747686e-07
0.00020843805902613465
0.0012655882568828713
0.004051586388758166
0.00028339018475005126
0.0017252749263878826
0.0014927897544376764
0.00039220197396984847
0.0005586087272658068
0.0002674569934392094
0.00022567699330826508
0.000311346190530117
0.0011911802320876148
0.0006493852566629074
0.0011519560293153943
0.0005337272663558056
8.05182125455761e-05
0.0028115751472863994
0.00013743233183385428
0.0002407047419750368
0.0008487578179441511
0.001222140692689022
0.00037653096221991044
0.0010363248342159927
0.0007937150922298468
0.00421459709590507
0.0009451683110740326
0.0007569719492638015
0.002392846670022057
9.105839810884864e-05
0.001716888775475042
0.0018235058759694073
0.0020697590966515613
0.0003973791286315975
0.0032084251556519713
