5.066858089146944e-08
1.0283043017564856e-10
2.051255001172877e-12
6.041322580177645e-24
0.002364896103706149
8.354941565529408e-10
6.066303540019901e-10
2.889545861998941e-24
4.052730663841975e-10
0.0004848868648937623
2.0150570626523116e-09
0.0015451577192000787
1.1200800408451957e-05
6.72644463849459e-17
1.4987185372375674e-05
6.550102585422541e-05
8.985051500133992e-05
5.6696433388004534e-08
1.680634171079731e-06
5.3059111324798854e-05
2.991952548987876e-08
1.3741018330631218e-06
0.0003941359724351015
1.513426025512661e-12
1.1952635944059463e-06
0.0005418485579030954
0.0008211601672752363
6.264935318828532e-09
0.0013744750375829042
0.00017715894980194834
3.2918405462291575e-05
0.002335090385247675
0.0010929775770441297
5.691238511839622e-07
0.0004720600889464025
3.3916452056921886e-07
0.0005986352465906638
2.2214918818179036e-05
1.9036708203193826e-10
0.0034241496483137213
0.00039424602045369734
1.126236576838698e-08
0.0023555311432725853
1.1796039494812159e-05
0.0037339122905233556
5.831782287071034e-05
0.0019944265792655137
0.00023298944388458852
0.0009435974830844617
0.00036926591643637446
6.019338703769254e-05
0.0010645660914195107
0.0005425741988975508
0.002745915656241438
0.0005182576818862632
0.002883192865768503
0.0040175553247335325
0.003410882528579461
0.00011652085759882212
0.0022652561024010752
0.0006500534911781616
0.0017279972037199426
0.0010346260066797488
0.0012527721508327583
0.0016880012923468086
0.0015226279196173813
0.00015832963620049546
0.00018445169890107436
0.0018842605639957065
0.00038515913707297275
0.0002121575604156031
1.6193215030164002e-05
0.0006662933185920757
0.000425565421096587
9.94379321860747e-06
0.001109341237937337
0.002530532778208056
0.002242183282134145
0.0023565494532048386
0.00011438359482336044
0.0010063143341042494
0.0008211908994333562
0.0018725233078537976
6.493714520057031e-07
0.00015181661867474388
0.0012136842579113152
0.0004989152106211388
0.00018786777443171793
0.00483776793654144
0.0012794676551543583
0.0011554693405181685
0.0005456406111615808
0.0014276249143386351
0.0004412786824830383
0.0006796560113312176
0.00026346850945039327
0.002145927932928033
0.0002492813410353151
0.0003453766610126984
0.0006759469623496676
0.0010605308865327583
0.0030030602349815647
0.0014572492133403336
0.00045951964912449887
0.002414314801960413
0.00580750580007421
0.0007896437952888342
0.0004883737022694018
0.00019513434122779913
0.00019089933774112003
0.0022109880934475536
0.0002834874789566223
0.0028043369322985788
0.0018461790836491441
0.00042170508889169167
0.0034444130827551212
0.006538060882758925
0.0008026355271191106
0.0027859739363200967
0.00557963096614792
0.0012737703877365495
0.00016575804204948906
0.000704850078379525
0.0008470946842222681
0.0034127486135052203
0.0005597775876908138
0.0014263321126949799
0.003518906424462999
0.0032508827527070517
0.00038751927481172027
0.00034911693377670614
0.0007450036234185741
0.004572685761504725
0.00025559792087041496
0.0049842464965816295
0.0023781355219618106
0.00045669425651673776
0.001291971264500995
0.00048791575210202064
0.0031366894153597403
0.0029014567159940307
0.000456601454957661
0.0015517291018446754
0.0004893573695321334
0.00048726165545851126
0.00019212363511127465
0.0025687609911673754
0.0037885918685820106
0.0012232279769609279
0.00015985477633088303
0.002713818647038449
0.0006579470155031257
0.000855489887129264
8.253229778822388e-05
0.0012042753037147167
0.004158050297128317
0.0005441770350760862
0.005726346588396105
8.790663389865104e-05
0.003975669796388139
0.003011080972487204
0.0008324336847271172
0.0015516900339583326
0.0014699582167442518
0.0023032244430240293
0.003815325124436179
0.0005714450969510834
0.0008689903446752738
0.0003184380760729695
0.001552057324899914
0.0002467801512954116
0.0020426222372173595
0.0012908233594650163
0.000984409570731448
0.0012646255452823901
0.0005183597028481874
9.55439539877123e-05
0.002241577651462083
0.004193752935041949
0.002905375941885486
0.000408520767172264
0.0006650038247548621
0.0021724176835382194
0.003371300728333488
0.00030742558972213116
0.00033548730652703475
0.003353892088050997
0.0018674479644953134
0.00219228665464044
0.0011103041200999926
0.0009260640871244176
1.4970140574938296e-05
0.0013612677296279516
0.0016639133758825965
0.001185150592349644
0.0016761135756019371
0.0028207142781263997
0.0002501855338699469
0.0003306495850067349
0.00043825854837579884
0.00023223033286234887
0.0011962424303288569
0.001089350291810859
0.0018663186300140176
0.0011113213418343566
0.0016201455903606331
0.00023129973089748508
0.004210773988623824
0.0007786822185347531
0.0026048561547151712
0.0023088049285850737
0.00044542872053574033
0.0006177431508959672
0.0008920864254871027
0.0007444465063799332
0.0005897121962111386
0.002503711363510788
0.004499972915863372
0.0014282002034556643
0.0004762874248455722
0.0008628060044540116
0.0006083786525376651
0.002397957448472738
0.0005168808411135746
0.009066506365742617
0.0006791165365460952
0.0012563134788618165
0.0004634675374613469
0.0004912318771958588
0.0036736567771934723
0.003177856553497193
0.001444124283918343
0.0022487695953188305
0.002514551807318805
0.005212541833202903
0.0025461091885452336
6.227995764815826e-05
0.00015598837815081716
0.0011992433284216271
0.002589796117970948
0.0061312627355935186
0.001238367806542981
0.001145785241577668
0.0023901918846242734
0.0030695477581444094
0.0018441165105478725
8.3806474077064e-05
0.0009277943926025295
0.0008847893847925911
0.0005893116921572691
0.003618562642561039
0.0016970866674870465
0.0012015995501164843
0.00045835838329797535
0.00030786752491928444
0.003422326211608194
0.0007028432382847239
0.0004320210833653513
0.0031696951993733387
0.0012286602529628947
0.0033348031877467716
0.0011878783161767296
0.0002801037372148762
0.005584374643519114
0.0009665169711887399
2.576118701245907e-05
0.0035868404415232307
0.00047875237885210543
0.0007372001185259292
0.0026915157871407617
0.0008120670162401665
0.0004095811479782094
0.00035870091848794574
0.00012626879210396845
0.0013330617782501511
0.0017818851903145844
0.0011410872907755363
0.0027342247994940104
0.0008425359963804257
0.003874803817576366
0.0029040145338619845
0.0031136441147432345
0.000873983286608716
0.005345573832758125
0.004024708017419607
0.0010213966805742848
0.00024580653415359874
0.00019806815514964373
0.00037456575579828744
0.0018293115228940411
0.0011173879945652492
0.0011584806802699599
0.0015036276832615131
0.0029800277142347383
0.001436725026711259
0.002477485593600989
0.0033354635945391634
0.0019374503933507763
0.0006619815451590399
6.255125336409073e-05
0.0010587362048783125
0.0006465941009456491
0.0024666294971220143
0.0005692004533285786
0.003091393081590436
0.0035983115087906787
0.000654921374672441
0.00037123540860822395
0.001971635280978612
0.0019427975327565294
0.0002923674658597355
0.0034324693897815014
0.0009059987671624416
0.001266348277684072
0.0007054509642014667
