23.6
29.7
27.0
28.4
26.3
22.2
21.0
22.4
24.9
21.3
34.5
31.8
23.2
19.2
18.9
27.2
29.0
28.6
34.0
26.7
42.5
27.2
24.7
34.9
26.3
39.1
27.5
29.8
36.3
41.8
38.5
28.7
71.4
33.3
39.7
35.9
56.3
41.7
47.1
35.5
23.8
34.4
34.4
37.1
35.3
23.5
32.6
36.0
23.2
30.4
38.5
39.9
33.0
20.5
42.7
46.4
32.0
29.5
22.2
23.1
31.6
30.8
24.9
34.0
36.7
42.5
23.9
36.0
40.9
37.1
39.8
31.6
30.4
33.1
25.8
25.1
37.8
31.3
45.4
43.6
42.4
32.3
24.0
38.0
27.9
50.9
33.8
35.3
20.5
36.8
27.9
24.6
30.8
44.7
25.7
36.5
30.8
28.6
42.8
35.9
31.2
32.3
46.0
37.0
38.7
37.7
28.1
27.1
34.7
37.4
45.3
26.1
34.2
31.7
39.0
51.6
35.1
37.1
38.7
55.2
27.0
27.9
58.5
43.2
29.8
26.1
47.2
38.0
53.4
36.5
29.9
36.4
32.3
35.7
34.2
24.8
33.6
31.6
30.2
35.4
54.7
42.5
52.3
40.0
35.5
27.5
39.6
49.2
28.2
41.8
37.8
29.0
41.7
30.5
25.4
31.4
28.2
34.4
50.7
34.2
42.6
35.1
36.2
49.6
41.4
55.6
39.1
35.7
53.4
31.0
33.3
44.7
62.9
33.1
40.0
42.0
32.3
49.2
36.1
40.5
47.9
60.5
42.0
46.5
54.4
30.9
34.1
41.1
50.4
36.7
58.0
44.4
45.7
47.3
55.1
46.3
47.8
30.6
43.7
47.7
47.7
43.6
48.3
53.2
26.4
36.1
28.9
36.9
38.5
37.9
33.5
42.1
38.1
35.0
41.8
39.6
43.4
39.6
39.7
46.0
48.9
39.0
38.0
36.7
59.2
44.6
39.0
43.9
30.7
35.3
27.0
37.6
53.2
39.1
48.3
38.0
33.7
50.7
43.0
51.9
48.4
34.6
39.1
31.5
35.0
22.6
49.8
43.7
46.5
21.7
44.2
22.6
35.3
40.9
30.6
59.7
45.5
34.4
40.6
47.7
33.2
29.5
75.4
62.3
37.6
61.2
39.2
53.0
30.4
37.8
26.4
34.9
31.1
32.0
45.2
41.7
47.6
24.3
28.8
34.9
42.7
36.4
25.7
43.1
39.7
38.8
46.6
27.4
44.6
38.4
33.4
30.6
25.0
36.2
41.9
20.1
45.7
27.7
25.6
41.4
34.4
30.4
36.5
37.4
47.8
39.9
33.4
45.4
28.7
39.3
56.8
27.2
57.5
36.7
31.3
48.4
53.7
43.4
28.4
57.8
23.4
31.7
42.2
24.4
56.8
38.8
20.4
52.1
40.7
64.5
42.0
47.8
48.6
40.0
60.7
59.1
29.4
60.5
48.8
46.1
34.0
47.9
39.3
34.8
55.1
45.7
46.9
43.2
38.2
33.6
38.7
30.0
60.0
35.7
35.0
51.2
46.1
41.7
47.2
53.0
25.3
42.0
58.3
43.4
49.1
65.1
53.5
33.9
55.1
36.8
44.3
50.7
28.7
32.0
36.0
42.4
44.8
41.2
51.1
45.2
32.3
34.4
43.2
35.8
43.0
53.0
49.1
46.5
42.6
34.2
33.6
46.3
47.7
38.6
26.4
32.0
24.2
46.0
52.5
31.6
26.5
49.7
41.4
56.8
33.0
49.3
35.0
31.3
63.9
49.9
43.3
50.3
39.0
27.2
30.2
37.6
44.6
53.2
40.6
51.8
53.8
70.1
64.8
67.5
47.1
34.0
36.8
29.5
35.6
59.4
38.5
62.5
45.8
34.9
56.8
58.8
56.8
27.3
58.4
29.5
36.4
42.5
35.7
43.9
32.6
36.9
31.5
40.6
26.0
44.1
34.1
37.6
24.9
56.2
49.5
34.0
34.2
33.2
24.5
34.2
34.8
48.9
34.9
35.5
33.4
54.9
47.9
44.3
32.9
30.5
39.3
29.4
59.2
41.0
46.3
30.0
19.6
45.5
43.8
42.3
43.2
50.1
49.2
30.1
34.1
46.1
16.7
51.9
60.7
35.0
43.6
50.6
28.3
35.1
39.9
57.5
36.2
64.7
33.4
55.6
