33.6
22.4
20.1
33.3
23.4
28.4
25.0
28.1
25.9
28.0
20.1
36.7
24.0
54.4
85.5
62.1
78.6
95.5
64.9
118.5
122.0
84.9
55.2
81.0
67.6
60.7
59.9
39.7
75.9
61.5
57.3
58.1
46.7
89.2
56.2
52.9
67.8
64.3
62.5
53.7
68.5
43.3
59.9
66.8
71.5
66.3
72.5
73.2
76.5
72.0
70.2
103.6
85.8
74.4
88.5
79.6
70.7
86.2
1093.4
414.0
730.3
618.3
591.7
93.6
602.6
67.6
47.3
109.7
94.3
44.4
71.0
266.1
161.8
108.7
103.3
138.0
209.8
220.8
467.8
106.2
98.5
915.6
98.1
452.9
303.6
270.9
213.1
88.8
85.1
931.3
109.6
98.4
116.6
127.4
47.5
151.8
117.8
155.9
162.6
361.1
575.1
174.8
148.6
82.0
78.6
198.5
116.4
168.0
104.2
207.7
153.0
184.6
167.7
228.1
961.2
864.0
350.0
447.8
525.6
1272.5
51.8
899.5
456.6
118.5
119.5
158.5
730.3
405.9
372.3
78.1
62.6
399.4
118.8
519.8
159.3
128.1
202.4
195.2
684.8
530.9
856.6
66.0
284.9
158.7
207.9
800.4
76.1
42.6
906.0
571.0
995.6
960.7
876.6
946.2
104.7
229.0
1066.4
627.0
900.5
568.7
979.1
117.1
63.3
95.0
163.4
1096.1
896.0
79.7
143.1
145.0
574.2
995.7
1306.0
616.4
61.9
105.5
466.9
519.2
709.9
1226.0
61.5
178.5
214.9
342.1
473.5
268.3
136.8
926.9
99.7
155.6
260.1
149.6
899.4
236.4
253.3
110.3
285.4
288.4
390.7
1340.4
498.6
914.8
355.3
393.0
869.3
873.8
133.5
66.2
502.1
287.8
120.5
58.7
1047.8
86.5
685.3
1193.1
1067.7
841.8
288.5
361.3
110.4
104.1
425.7
195.8
1122.4
1056.4
150.2
580.7
601.2
139.1
109.9
895.0
63.0
578.4
111.7
98.1
261.0
543.1
940.4
843.5
170.6
166.6
262.6
176.0
140.8
404.5
391.8
655.8
430.2
144.2
676.2
331.5
385.2
783.5
681.2
116.4
590.4
160.0
129.8
434.5
145.4
993.1
1038.8
117.9
143.1
1099.1
347.6
499.8
136.6
938.9
941.7
791.2
344.3
125.7
108.5
327.2
191.7
256.1
826.6
113.5
200.5
966.5
114.2
647.7
1113.7
120.3
323.4
600.6
125.9
167.5
113.9
647.6
773.9
111.5
102.5
126.1
96.6
362.0
728.6
169.8
409.1
772.3
57.2
425.6
296.3
102.6
494.7
246.7
139.7
355.0
358.5
359.8
603.8
594.4
716.2
945.6
781.8
832.7
737.9
317.6
737.4
866.6
135.5
292.5
215.9
141.7
68.3
84.9
497.3
941.3
1449.2
71.4
981.7
731.9
725.0
501.3
451.7
629.9
780.3
537.8
162.6
115.7
95.6
119.3
99.4
151.9
167.1
1004.6
233.7
826.1
283.4
1218.5
458.4
64.0
161.5
778.6
373.6
1251.3
124.3
385.7
500.6
590.8
71.1
85.1
388.1
530.0
167.5
206.5
713.6
846.2
869.3
150.9
226.8
1271.6
823.7
477.7
891.1
444.7
263.0
594.2
682.2
716.8
440.6
322.1
78.2
114.0
462.7
643.8
140.1
380.6
824.7
1291.3
266.1
837.9
292.2
1192.0
513.7
1050.6
760.8
967.4
877.1
665.4
109.8
102.1
124.7
166.8
121.7
164.7
326.7
541.0
197.0
147.9
154.5
183.8
74.8
195.3
214.9
820.4
291.3
683.7
239.0
348.9
320.6
285.6
322.0
297.9
633.7
383.5
911.8
1243.3
1122.4
97.9
104.6
1299.9
92.9
145.8
243.8
388.3
116.4
145.3
746.2
288.9
852.6
285.0
731.2
873.4
254.3
288.4
551.3
205.9
109.3
95.4
130.9
206.4
164.7
854.5
643.6
146.4
97.3
133.7
545.7
239.6
140.4
139.3
98.2
66.4
173.4
132.1
238.5
231.2
261.8
93.7
527.6
84.0
104.8
472.5
285.6
217.1
112.9
82.8
180.8
781.1
946.1
706.9
548.9
111.9
970.4
146.4
743.7
833.5
740.5
162.7
131.2
334.1
113.6
125.1
951.0
209.8
770.3
236.7
