-43.74049579924785
-73.9724952464031
-83.0461290061831
-73.82578713047857
-72.42975404872882
-77.41085933073853
-79.51195464344161
-77.6820145829063
-66.1019214207685
-77.80017018593757
-73.57352856004809
-49.55529241094053
-70.80597720105644
-57.80643841578559
-49.84442051368794
-56.74462966592377
-40.20615638126633
-46.88226704531566
-54.1308260410543
-34.36884815872306
-32.18785855264879
-46.39166541100827
-60.334866814419115
-57.090055535322016
-60.27198547870457
-62.20487981908228
-46.399658175789405
-69.73585520300625
-36.40676405169522
-36.21303744836257
-37.477999246418605
-27.604823922977864
-41.598410101071394
-40.26952891693354
-43.01466886497156
-63.292001200875916
-36.15084311993981
-52.81075330413357
-30.196488912135074
-39.32680485908061
-45.6925516069645
-47.12473925697739
-40.2262977202039
-51.03609065623334
-48.13705413657213
-32.47631181479521
-41.629739151639754
-47.48929448870955
-17.99675178201728
-48.04690858136878
-46.59120455383389
-25.34241459696753
-33.272215664476164
-31.10525491933144
-34.83193162481617
-24.980268393943884
-24.99795984162592
-43.72100500798591
-13.905686666376686
-42.94708854936219
-16.560258226793554
-36.8671803437198
-28.791065343893713
-42.69287022837435
-2.9757079082468088
-47.48972583391249
-58.92664857986042
-26.61915866455601
-47.49196977654456
-64.94482348171186
-57.31073291228347
-18.29214025262143
-38.36513583205825
-42.92771063826042
-60.511614338298116
-27.964205907729173
-29.896052534487126
-51.54601209317425
-5.642105290949216
-43.502045325822124
-26.034006331021306
-20.929295965022696
-49.43857810817525
-27.971367173210353
-28.324573381766452
-18.46237735826177
-11.04295837083528
-44.97282656988635
-36.420079424584415
-20.688012755266726
-44.00215648646543
-43.47207201803783
-48.95436520847821
-33.485257634859664
-58.07108031408744
-36.187242782748946
-52.24057325676927
-24.400304261711877
-30.567797733900807
-13.269632890204061
-16.71891193937241
-24.058297910221526
-30.368866082336773
-49.30635901377808
-50.9452891939445
-37.33494686432
-44.43238256191862
-28.329105792179842
-41.50293119720603
-42.63670453595707
-33.621413074895045
-17.512432207208008
-20.092394960572385
-30.20022072291519
-22.611584050857473
-9.157987419838953
-35.36031164939867
-22.757983850999018
-17.22288828660511
-4.705657601446143
-62.729026207172375
-5.556872630045969
-17.332352699351265
-37.178675240451504
-45.140600674136984
-36.857528648704616
-36.734485827151104
-45.27922866520616
-48.666638494307904
-52.311416069672724
-57.425639072387035
-24.06254634485494
-62.966886367476356
-26.953827998476907
-40.01695683922225
-41.560955227415185
-22.576569064921934
-33.949455106707596
-21.936404229592558
-32.528286695958045
-17.334254105613862
-51.95017338791943
-12.489001617015017
-33.5268969506629
-15.399059153389015
-19.212257907993127
-52.94938417038111
-71.4432227204245
-23.39945374409536
-27.298431311144714
-30.22663189324917
-18.74482473459834
-16.195263179230977
-10.514379127681568
-42.89566805657232
-37.85333161152372
-5.890341096957677
-26.198716960285047
-5.018543636845467
-31.007180533792088
-8.883034800297825
-43.26845353404024
-62.43216049520269
-41.10550466305592
-23.40075666822935
-4.3614280279560615
-12.246300453622924
-50.82829548083639
-23.187711984552568
-21.329282815422427
-28.514737215898656
-25.31972968961037
-5.832922092807709
-30.831113213884436
-59.396623412410314
-47.01744492011185
-31.138417984527404
-32.18785676792707
-36.50188887257927
-1.200069373255053
-58.66220407536781
-28.851837979502086
-24.356862652633588
-38.567048204873295
-9.149612134604075
-32.2387500462324
-41.23441584435356
-9.6189416499079
-26.171211650689884
-22.875299028455103
-24.680068965682516
-36.53356899980358
-21.174945393832793
-19.92761865000439
-16.25588296896114
-37.83163736684142
-12.162401653506324
-16.616808489056066
-8.251388799088978
-2.4566945465140972
-21.35353137969228
-12.772667322298217
-31.503935961411138
-29.907857932415602
-11.1745067803666
-13.436759833159957
-33.077089374247976
-56.175456890342865
-4.25654143477127
-22.572523236731193
-38.56317016531787
-59.744730285077786
-2.55309017602161
-48.17347732090484
-7.277517409864666
-8.649296477933126
-2.7527806833468853
-3.6093585394509944
-35.70742607877977
-21.826180299742994
-46.705502872093454
-45.85092183410959
-28.63882324967863
-30.400124610312474
-9.569427238814036
-6.913378643382027
-31.393438241954435
-4.876507000291133
-19.297409811984494
-35.505359215488944
-34.61261106270673
-2.4837664421650856
-58.13226018083956
-24.826539525898916
-45.89786447835893
-51.983638143776965
-30.539124848264088
-35.069358969683776
-6.145110058917776
-10.116199216106015
-31.563411405190532
-28.79031084272798
-17.169826729254286
-42.446530007055784
-33.27378881569284
-10.139038567261379
-15.151680745024567
-8.513107403944307
-21.093749631756925
-41.89426939424293
-25.301317920815606
-16.91133767128752
-30.810544166985643
-12.151807901808986
-10.480213404652002
-45.47687693897475
-6.66305078514894
-36.575990945804506
-43.94076859622477
-26.884479395331578
-34.99981162838719
-10.840881298676496
-16.540053149283047
-44.78626949813034
-39.15708386425235
-0.7616984103690181
-13.339912372908056
-48.764526886682056
-45.16829316869958
-23.915564845878894
-16.943790037731723
-13.196493696224758
-35.3102595973073
-34.61422252081975
-44.721027685309075
-23.115283723624287
-36.41938962985947
-13.239535569597829
-6.035433615341592
-35.83150975369577
-7.377824388637149
-2.2929678713862827
-25.719433707027132
-19.741271374691415
-6.728582612062598
-43.66340183588987
-28.97851258002499
-16.70629232133178
-39.60885346577819
-42.46096129949622
-35.096720736652316
-22.60336692494953
-2.9560531861410686
-35.90827262689872
-43.30646497231545
-40.655751558951074
-45.377033774943285
-29.948206033535467
-15.23027086755969
-41.44058014885705
-22.4046701356909
-22.174702286305823
-56.87050184360396
-14.609066640525208
-29.210735474808207
-43.80422850271359
-39.071215485063036
-35.21367137213766
-33.294337945236386
-18.14309270482123
-11.739213757375675
-27.1049923501346
-15.28341064583187
-27.335700411406805
-20.512130349167926
-23.206526951741587
-34.765083282820235
-9.53143129348305
-35.24970253501199
-45.94065723285435
-19.212890459304923
-29.781219699998548
-35.66895853043043
-18.791172482366523
-43.15520489813636
-30.701790591364688
-55.97200008290592
-50.6356252162213
-10.959691089154347
-9.443521336154191
-0.021651326689488843
-54.40631475508383
-6.109957833833814
-22.76344731906587
-13.380731896320688
-16.47314407994846
-14.442262668855838
-4.977286386363125
-9.22469441692888
-29.603122942550925
-39.15172589087492
-43.56411095518041
-48.56873639325472
-41.77048811389201
-47.94712422937979
-50.95962194845198
-36.042316890238055
-1.969178057144477
-23.11132887126349
-12.75018922826045
-15.946173762274588
-0.13630814847558842
-11.005057767856872
-56.90024912255795
-28.600947966971482
-17.20533503686833
-28.591724971230775
-0.010640085633174801
-42.93884897187131
-15.418293011262932
-22.491906708114474
-11.384559794010752
-49.33233243319009
-51.292347770172626
-2.498177758472704
-16.499940953565297
-30.943425776435976
-14.540190173210004
-20.88325769606585
-12.178312296302153
-3.830543171092644
-39.2778742867465
-21.587557051968126
-11.223701510448253
-19.200673936377324
-31.551541408629383
-15.973755709863799
-19.507711677843574
-32.44547361318716
-24.925680130851177
-17.399983199150387
-20.641398284790505
-30.733081301868204
-33.0276849039506
-53.092354944725386
-39.03067006556497
-33.490028074539126
-14.952096018005514
-36.892276438744325
-20.70603563511245
-11.670791417461228
-1.516058929937396
-33.43981967214382
-3.428061897241842
-15.690132401310814
-2.022083653223446
-21.82374470046631
-1.4938071660845171
-12.122029284964794
-2.300073531145263
-3.0227733587323415
-13.257292778260824
-39.16665478829286
-40.59009451078547
-34.954738909393015
-40.989987420375776
-48.938003492742695
-37.45516240802021
-30.5857583652821
-18.015728519108112
-33.28867199706991
-44.57341276907188
-28.813265340062667
-27.02790577501154
-57.66806180339644
-24.017255841550114
-23.539733965673527
-17.58944274880988
-18.95095234190455
-26.195462934098078
-42.212737012870676
-21.15421063984966
-21.5091096263712
-15.999564469102134
-29.5634355897663
-19.99368497915999
-14.191462735051221
-9.274545926334858
-8.096706055078602
-2.778111339842515
-7.636192560568811
-48.26227682899757
-48.86680208594667
-7.338167757439526
-45.79461057496723
-36.33471157187823
-35.42381061812641
-23.22125685291
-43.12841931527804
-36.2113024230127
-8.786342182453865
-22.38981846097641
-7.399925122104186
-23.10186508059417
-31.06666575864707
-15.419756883935898
-25.89822168397624
-26.28350766566218
-21.83054280420516
-36.55655287543985
-39.414247246630865
-52.08856801285791
-35.425657200053465
-22.673764113318075
-41.67914286894837
-12.876137776899316
-17.732881554523253
-30.944513503708425
-49.36891662699905
-40.32040216066271
-11.926843365219288
-29.367066602063876
-37.35202358901643
-36.60657217587689
-45.220659431134536
-54.51103338152077
-36.909035138367116
-34.39855100701549
-22.022478566206548
-24.431237262883982
-20.563428504132826
-45.92742310295741
-10.997647903746113
-42.34173643364143
-22.419349647344042
-15.755549446462826
-22.378639344776392
-29.11132326588027
-48.26386606389809
-49.34533091490725
-20.9273559985497
-17.74381910878582
-18.016802564936523
-4.743546142204207
-13.641672883842821
-40.90434829370703
-8.630014904322469
-23.312851640005945
-23.152259087935168
-13.850116477927736
-26.6864509966494
-38.905462876050436
-32.658166237584666
-21.000655442574914
-41.49952062178875
-36.8785907690809
-10.42345715528639
-39.42458259507747
-12.188425564020742
-25.840599071897838
