-74.06535549595716
-77.4861429069384
-69.44270868586031
-77.47242910006715
-78.28814331734836
-81.73824268558334
-82.11788215614108
-74.89693043867398
-66.97836661498408
-65.16812615063783
-72.36986901072909
-49.640100974455756
-64.32560231049418
-83.56780771491775
-74.53152195831869
-68.59262185637888
-63.60075046958923
-51.66682986552447
-53.297809264480506
-55.18853340987482
-55.22382429569096
-61.56204812426323
-70.12163329197601
-50.0284407807448
-64.29351762800385
-51.47172551905292
-72.65552656990975
-61.231084950573596
-64.59815248254662
-47.44683323838855
-64.76239978350442
-67.76500450642297
-41.86258026604054
-67.24306197620163
-44.08202497481932
-70.76787456155932
-50.378022117861484
-55.50029387678252
-65.38444859988205
-56.46509285461955
-80.08218972365286
-57.194390385197394
-57.40838460452545
-71.21172610397356
-64.17170779222592
-75.48799255133025
-74.1090072266233
-58.965194128387395
-71.89047381355763
-58.70831808877426
-70.52857091915925
-64.02645167432267
-62.981452252205415
-75.59673136355983
-61.94266558607419
-51.549471257489664
-64.77692319277587
-76.54360306059881
-81.29897348325638
-63.75605974633788
-60.95781265701854
-68.84957598845986
-79.94539181743193
-65.84909169411931
-70.00142393890037
-37.57856265899343
-80.03571012581642
-58.003640638718196
-69.52131584681801
-71.8487566388028
-64.35471029338348
-66.89093605975457
-59.53860876854765
-68.32209681858862
-71.08158588366646
-72.89424342717481
-65.41509871623317
-69.28621609401226
-62.98554433052169
-49.09317002976745
-60.614137510135095
-77.26270127025799
-80.50623391671857
-70.97436505447979
-70.61314024574656
-50.42981041303002
-73.6316774299379
-74.996242469868
-82.87591843486939
-64.56197495870126
-77.67931338122128
-75.57150344445571
-68.1655411153366
-61.58208295794649
-79.09647048622408
-63.300858980933675
-69.99457293773716
-76.44644914835237
-59.981156196100244
-66.79757116629852
-62.83243146192835
-47.901802910635254
-68.45682598902705
-73.65415977553178
-63.03987517975952
-64.21461578513131
-69.65114639368474
-78.43561148496363
-74.25556286616003
-66.8101633181808
-67.18304924169169
-70.88715953128109
-72.9310966403863
-75.06199939052746
-56.44569075849189
-52.208206954076104
-66.71393341429906
-66.19626462318188
-62.69366210801817
-64.27733447485045
-71.82467520572386
-70.52387099314836
-59.42455148615305
-67.20209240364927
-73.04765480179162
-79.59890110024672
-51.04104769259345
-60.132188903332576
-67.42830120136632
-72.50429328101936
-70.16155608818048
-65.2214390752313
-76.07950020095387
-64.46600375723064
-72.53676420187779
-79.78336585889357
-74.19423446192056
-67.84589908041536
-68.4712875617999
-74.82594919562361
-56.39858572374639
-42.30182658018957
-55.269995996751994
-72.79786564498583
-73.23773221844397
-77.51123368349771
-70.49183798165788
-59.11160412910546
-60.226945400861474
-60.72008990013971
-63.25044551199115
-70.98027864203817
-65.31318101614674
-60.9480720398382
-79.1208646352088
-68.20510170284793
-78.32206213621286
-55.96988938328825
-58.282997821967044
-73.56089550529985
-60.488399747414846
-60.65044313109314
-68.86926777914496
-55.533970514870944
-68.787353772105
-37.3785810258372
-68.84743541703381
-65.57541070126231
-55.011989701220955
-67.97013577471844
-66.45835998739622
-60.51304111910865
-48.067202433988754
-73.58078657578832
-63.572684132033565
-59.72226136848013
-65.2734520321196
-65.14625587231608
-63.04789356546526
-69.26911584722075
-64.99987350452652
-47.13083983773996
-67.74129730409379
-55.80104438645966
-67.29310797897418
-71.89260364958402
-67.75392721755729
-66.2405386352953
-63.11152800724649
-58.23269341474759
-55.407418099086954
-59.37028873823016
-54.53971654616218
-43.84128866665252
-50.905650666247816
-47.89609469481907
-38.346318194157234
-75.26975653905448
-65.27938502910058
-53.77481845202052
-44.474723752367225
-48.17895687856336
-59.824492253975016
-61.889257742603434
-78.29662856544904
-72.07903440083757
-69.59278640801419
-71.4534543274016
-62.657143362774605
-63.692529330601204
-43.606764488050274
-62.866155501405174
-51.88484593948268
-42.32758775427042
-63.00889835032219
-71.0913620156351
-64.3283201924652
-70.99945440461546
-64.43992525856021
-65.57754077850407
-56.51238882698946
-69.74882129908823
-58.679837120819755
-64.09688008053149
-47.17682632871578
-64.34403577675931
-69.84866660620676
-62.0883901645462
-68.41868761644733
-64.68835645996447
-77.56441203027069
-56.993366071028866
-49.566516409917675
-70.88830164168631
-53.082535937167506
-58.223931026314666
-61.92340688133818
-54.072244027985036
-68.91797291672258
-52.74804521817032
-64.43254122316958
-67.09074436087492
-67.08961409822395
-75.25195625871166
-65.68835118076038
-81.30880349173704
-53.85425211788388
-46.17518385064323
-65.07278153284715
-81.71022638559188
-67.88434100272255
-73.67183093809152
-55.06199452631914
-67.83186074410938
-75.33311525885836
-52.19410836119238
-49.924455739683694
-67.82210465935358
-64.7518625285471
-65.90539616000218
-67.41234534676781
-70.1813347811516
-43.60499313610237
-52.40800519953456
-72.1642740723883
-49.470727170730825
-69.05943387397784
-59.44055470418939
-75.0833233108655
-67.0621412410863
-78.90214252900833
-73.80831970891289
-75.78808612997747
-74.25205972676284
-60.33758465002702
-54.53998654766082
-55.530459280785905
-79.88932488266468
-60.999632825506566
-62.085692701857354
-70.10124503751277
-73.41475178712884
-64.04959589707019
-51.749252793264745
-67.21663129481273
-57.136797810932954
-65.81983695588207
-63.434352424191864
-67.7960510874543
-71.33172545125029
-73.98540878037542
-63.80431679751513
-72.6883286676284
-64.4627282556616
-32.04915970287641
-82.82650043958179
-56.27598833148629
-70.37858404655046
-78.5405250992541
-69.21842000807503
-63.11070414352399
-67.55324168609646
-64.60576919137473
-64.63978383697993
-59.679394145142226
-71.1525349855219
-73.45019074281075
-66.78344094184197
-64.0444581397319
-64.72531215282312
-42.74648879742205
-70.47957189251916
-59.775592714427866
-55.641063637221464
-66.89714246864244
-57.45463656416922
-43.888990107056685
-68.17596621640173
-70.77779585737787
-65.03803232896817
-71.73352216480286
-75.14164425525442
-61.78027356379287
-80.08183110069238
-51.451843878263276
-56.49724571958971
-82.72959357821843
-53.81119537461186
-58.648993142282926
-59.841362580689506
-68.47174047063932
-56.44783595060428
-50.693695173864526
-56.18425085662953
-47.183568141452376
-56.67650583452024
-69.44003499221041
-40.44484397674093
-60.68321789169762
-60.40154832960344
-74.28498146876609
-58.89930695693234
-63.90809294836348
-62.60463359709627
-59.41731711666979
-67.0577183748579
-43.95650908818456
-70.15998589444293
-68.77285167191252
-53.09009222665422
-51.14801195945461
-70.6765476354966
-49.63157871542943
-73.04391428833944
-72.09835686797274
-56.43221514573249
-55.869715157750626
-68.02617347277808
-57.75130873780074
-62.415294589681274
-78.69257935377216
-69.34536885041764
-58.32937564080727
-43.71492054155867
-61.45119527344964
-54.815197723459406
-57.04472179407098
-65.26159182363168
-55.63526431418545
-67.16235730926803
-48.38994723137363
-63.04905876771467
-76.69971246241316
-60.34796673467921
-64.21909789195209
-48.62288455271631
-67.05529943013745
-54.64158246839203
-53.81487276259104
-54.45080710284473
-73.77958729162451
-66.71596858212556
-61.02360628641567
-66.24457776734906
-67.3999802539846
-54.727474758026986
-64.71920699705608
-65.94110536798532
-51.38567310127536
-64.85631640939793
-75.0069145565956
-67.02338251659953
-56.24863695923303
-56.60472910924709
-72.56250388932898
-74.48686833246879
-71.67834900314297
-56.698125470832544
-56.362908143519064
-77.43467927862534
-78.66882780762987
-62.667767443405374
-62.31205735180904
-55.230749392830454
-66.49631727004568
-51.46379049884856
-59.985361187985724
-52.76485707087657
-52.79929099799083
-61.61883831140435
-61.31647962837775
-58.685503146405914
-63.42792818860634
-77.42409442985996
-67.51062017714429
-54.46164115293497
-67.41037180705061
-56.1411892201639
-58.30181101578861
-55.542116125845936
-51.89537982710984
-45.92030418597925
-47.59756389780809
-56.957867875941744
-51.19277661305305
-72.98654300887075
-62.563243800547205
-60.47835684935008
-61.13781944185594
-61.287038266575124
-70.66701259953342
-48.29265910644504
-50.206652305208664
-64.00264575669844
-59.50785406395772
-48.24544550238844
-39.10218069693666
-77.49711597689853
-39.1884189712129
-64.88331015323521
-59.350212797184795
-45.5698363810328
-60.31803035551699
-60.66872808676327
-74.14004716218841
-67.25145389051711
-75.74011901140133
-70.9756900116836
-78.66027836164946
-65.31309483121166
-68.31836442613226
-68.7795411610301
-79.45527717209868
-54.388262026027505
-58.64995644614445
-73.91254028182837
-75.13063949674492
-68.0838799105426
-80.43829986399658
-67.39974987538338
-75.47967369487607
-56.58154459848659
-73.18333682026666
-73.60572521193659
-74.27987616053356
-59.90394546748892
-52.799799893552084
-66.43782993641925
-71.24943721156163
-75.92607824677208
-64.48392899409808
-69.40579952297688
-58.56984077919268
-70.55526024360842
-67.20955704232696
-62.29969621576096
-83.26109761510347
-68.32204489765452
-66.13232905875454
-61.52684430822038
-59.880870584027534
-56.60315336380122
-53.657385241047415
-71.3571063863974
-74.19367754359426
-54.14219170666736
-85.69215830356454
-52.05837441815186
-53.777587254215895
-72.2374356739313
-67.40414033171824
-58.98738400948942
-77.6506582632375
-67.94346253129336
-69.82878914127664
-37.35054808056561
-71.82697303510984
-43.490215776157996
-72.91738601855094
-59.34531434802833
